NUMBER CONVERSION REPORT
======================================================================

Index   Decimal        Last 2    Binary         Hex       
----------------------------------------------------------------------
1       -39            39        100111         27        
2       -36            36        100100         24        
3       8              8         1000           8         
4       34             34        100010         22        
5       17             17        10001          11        
6       49             49        110001         31        
7       5              5         101            5         
8       0              0         0              0         
9       33             33        100001         21        
10      12             12        1100           C         
11      -6             6         110            6         
12      27             27        11011          1B        
13      -4             4         100            4         
14      -38            38        100110         26        
15      26             26        11010          1A        
16      49             49        110001         31        
17      29             29        11101          1D        
18      42             42        101010         2A        
19      -16            16        10000          10        
20      34             34        100010         22        
21      20             20        10100          14        
22      0              0         0              0         
23      25             25        11001          19        
24      45             45        101101         2D        
25      3              3         11             3         
26      -46            46        101110         2E        
27      -46            46        101110         2E        
28      29             29        11101          1D        
29      33             33        100001         21        
30      29             29        11101          1D        
31      26             26        11010          1A        
32      -5             5         101            5         
33      -36            36        100100         24        
34      12             12        1100           C         
35      45             45        101101         2D        
36      -50            50        110010         32        
37      0              0         0              0         
38      -6             6         110            6         

Total numbers processed: 38
Elapsed Time: 0.000492 seconds
